2,84
2,83
2,82
2,81
2,80
2,79
2,78
2,77
2,76
2,75
2,74
2,73
2,72
2,71
2,70
2,69
2,68
2,67
2,66
2,65
2,64
2,35
2,34
2,33
2,32
2,31
2,30
2,29
2,28
2,27
2,26
2,25
2,24
2,23
2,22
2,21
2,20
2,19
2,18
2,17
2,16
2,15
2,14
2,13
2,12
2,11
2,10
2,9
2,8
2,7
2,6
2,5
2,4
2,3
2,2
1,8
1,7
1,6
1,5
1,4
1,3
1,2
0,505
0,498
0,497
0,491
0,488
0,479
0,472
0,458
0,457
0,456
0,454
0,451
0,449
0,448
0,447
0,445
0,443
0,411
0,395
0,361
0,355
0,347
0,326
0,322
0,320
0,243
0,9
0,1
0,0
0,310
0,305
0,324
0,499
0,475
0,455
0,450
0,446
0,442
0,388
0,464
0,453
0,470
0,468
0,452
0,459
0,460
0,323
0,308
0,304
0,303
0,302
0,307
0,444
0,12
0,360
0,10
0,480
0,8
0,478
0,300
0,393
0,299
0,511
0,298
0,373
0,297
0,439
0,296
0,495
0,295
0,436
0,294
0,362
0,293
0,431
0,292
0,407
0,291
0,509
0,290
0,474
0,289
0,424
0,288
0,325
0,287
0,366
0,286
0,399
0,285
0,365
0,284
0,397
0,283
0,338
0,282
0,471
0,281
0,406
0,280
0,402
0,279
0,408
0,278
0,380
0,277
0,401
0,276
0,391
0,275
0,311
2,85
2,86
2,88
2,90
2,92
2,93
2,96
2,99
2,100
2,103
2,104
2,107
2,110
2,111
2,114
2,116
2,118
2,119
3,2
4,3
5,1
5,5
5,6
5,8
6,3
6,5
6,9
6,10
6,14
6,15
6,20
6,24
8,3
10,3
10,4
13,3
15,4
16,4
17,4
17,5
19,3
20,3
23,3
24,3
24,7
24,12
25,3
27,3
30,3
31,3
34,3
35,3
36,3
37,3
37,5
38,6
39,3
41,3
42,3
42,6
43,0
43,1
43,3
43,6
43,10
43,14
43,17
44,4
45,3
46,3
47,3
49,3
51,3
52,3
54,3
55,3
56,5
57,3
57,4
57,6
58,3
59,3
59,4
59,7
59,9
59,10
61,3
62,3
64,3
64,6
64,7
64,10
65,3
65,4
65,8
65,11
65,16
65,21
65,23
65,24
65,35
65,39
65,40
66,4
66,5
67,3
68,0
68,1
69,3
70,3
71,3
72,3
73,3
75,3
76,3
78,3
79,3
81,3
83,3
84,3
86,3
87,3
89,3
90,3
92,3
94,3
95,3
97,3
97,4
99,2
99,4
99,5
99,10
99,11
100,4
100,5
102,3
103,3
103,5
103,9
103,11
105,3
107,3
108,3
109,4
109,7
111,4
112,5
113,3
114,4
114,6
116,3
117,3
118,3
120,2
120,3
121,3
121,4
123,3
125,3
126,3
128,3
129,1
129,5
129,6
129,11
129,15
129,18
129,20
129,21
129,28
129,50
129,52
129,56
129,72
129,83
129,88
129,99
129,101
129,106
129,111
129,113
129,156
129,160
130,3
132,3
133,3
135,3
136,4
137,3
137,6
138,3
139,3
140,3
141,3
141,5
141,9
142,3
143,3
145,3
147,3
148,3
150,3
151,3
153,3
154,3
156,3
158,0
158,1
159,3
160,3
161,6
163,3
164,3
166,3
167,3
169,3
170,3
172,3
174,3
175,3
176,3
177,0
177,2
177,4
177,5
177,74
177,86
177,88
177,89
177,91
177,93
177,94
177,96
177,97
177,99
177,101
177,102
177,104
177,105
177,107
177,109
177,110
177,112
177,113
177,115
177,116
177,118
177,120
177,121
177,123
177,124
177,126
177,128
177,129
177,131
177,132
177,134
177,135
177,137
177,139
177,140
177,142
177,143
177,145
177,147
177,148
177,150
177,151
177,153
177,154
177,156
177,158
177,159
177,161
177,162
177,164
177,166
177,167
177,169
177,170
177,172
177,174
177,175
177,178
177,180
177,183
177,185
177,188
177,191
177,192
177,196
177,197
177,200
177,204
177,205
177,208
177,210
177,213
177,215
177,218
177,221
177,223
177,226
177,227
177,230
177,234
177,235
177,238
177,240
177,243
177,245
177,248
177,251
177,253
177,256
177,257
177,261
177,264
177,265
177,270
177,271
177,274
177,277
177,279
177,282
177,284
177,287
177,289
177,292
177,295
177,296
177,300
177,301
177,304
177,308
177,309
177,312
177,314
177,317
177,319
177,322
177,325
177,327
177,330
177,331
177,335
177,338
177,339
177,342
177,344
177,347
177,349
177,352
177,355
177,357
177,360
177,361
177,366
177,369
177,370
177,374
177,375
177,378
177,380
177,383
177,403
177,405
177,408
177,410
177,413
177,416
177,418
177,421
177,422
177,424
177,426
177,427
177,431
177,432
177,435
177,437
177,440
177,443
177,445
177,449
177,488
177,512
177,515
177,517
177,520
177,521
177,526
177,528
177,531
177,534
177,536
177,539
177,541
177,545
177,548
177,550
177,553
177,554
177,558
177,559
177,562
177,566
177,567
177,571
177,573
177,576
177,579
177,581
177,584
177,587
177,590
177,593
177,595
177,599
177,600
177,603
177,605
177,608
177,611
177,613
177,616
177,619
177,622
177,626
177,628
177,631
177,632
177,636
177,637
177,640
177,643
177,645
177,648
177,650
177,653
177,656
177,658
177,661
177,662
177,666
177,667
177,670
177,672
177,673
177,675
177,676
177,678
177,680
177,681
177,683
177,684
177,686
177,687
177,689
177,691
177,692
177,694
177,695
177,697
177,699
177,700
177,702
177,703
177,770
177,772
177,773
177,775
177,776
177,778
177,779
177,782
177,784
177,785
177,787
177,788
177,790
177,792
177,793
177,795
177,796
177,798
177,799
177,801
177,803
177,804
177,806
177,807
177,809
177,811
177,812
177,814
177,815
177,817
177,818
177,820
177,822
177,823
177,825
177,826
177,828
177,830
177,831
177,833
177,834
177,836
177,838
177,839
177,841
177,842
177,844
177,845
177,847
177,849
177,850
177,852
177,853
177,855
177,857
177,858
177,860
177,861
177,863
177,864
177,866
177,868
177,869
177,872
177,873
177,875
177,877
177,878
177,881
177,882
177,884
177,885
177,887
177,889
177,890
177,892
177,893
177,895
177,897
177,898
177,900
177,901
177,903
177,904
177,906
177,908
177,909
177,911
177,912
177,914
177,916
177,917
177,919
177,920
177,922
177,924
177,925
177,927
177,928
177,930
177,931
177,933
177,935
177,936
177,938
177,939
177,941
177,943
177,944
177,946
177,947
177,949
177,950
177,952
177,954
177,956
177,958
177,959
177,961
177,963
177,964
177,966
177,967
177,969
177,970
177,972
177,974
177,975
177,977
177,978
177,980
177,982
177,983
177,985
177,986
177,988
177,990
177,991
177,993
177,994
177,996
177,997
177,999
177,1001
177,1002
177,1004
177,1005
177,1007
177,1009
177,1010
177,1012
177,1014
177,1016
177,1017
177,1019
177,1021
177,1022
177,1024
177,1025
177,1027
177,1029
177,1030
177,1032
177,1033
177,1035
177,1036
177,1038
177,1040
177,1041
177,1044
177,1045
177,1047
177,1049
177,1050
177,1052
177,1053
177,1055
177,1057
177,1058
177,1060
177,1061
177,1063
177,1064
177,1066
177,1068
177,1069
177,1071
177,1072
177,1074
177,1076
177,1077
177,1079
177,1080
177,1082
177,1083
177,1085
177,1087
177,1103
177,1152
177,1153
177,1155
177,1157
177,1158
177,1160
177,1161
177,1163
177,1164
177,1166
177,1169
177,1170
177,1172
177,1173
177,1175
177,1177
177,1178
177,1180
177,1181
177,1183
177,1184
177,1186
177,1188
177,1189
177,1191
177,1192
177,1194
177,1196
177,1198
177,1200
177,1201
177,1203
177,1205
177,1206
177,1208
177,1209
177,1211
177,1212
177,1214
177,1216
3,3
177,1218
3,4
3,6
177,1221
177,1222
177,1224
177,1225
177,1227
177,1228
177,1230
177,1232
177,1234
177,1236
177,1237
177,1239
177,1241
177,1242
177,1245
177,1246
177,1248
177,1249
177,1251
177,1253
177,1254
177,1256
177,1257
177,1259
177,1261
177,1262
177,1264
177,1265
177,1267
177,1269
177,1270
177,1272
177,1273
177,1275
177,1276
177,1278
177,1280
177,1281
177,1283
177,1284
177,1286
177,1288
177,1289
177,1291
177,1292
177,1294
177,1295
177,1297
177,1299
177,1300
177,1302
177,1303
177,1305
177,1307
177,1308
177,1310
177,1311
177,1313
177,1314
177,1316
177,1318
177,1319
177,1321
177,1322
177,1324
177,1326
177,1327
177,1329
177,1330
177,1332
177,1333
177,1335
177,1337
177,1338
177,1340
177,1341
177,1343
177,1345
177,1346
177,1348
177,1349
177,1351
177,1353
177,1354
177,1356
177,1357
177,1359
177,1360
177,1362
177,1364
177,1365
177,1367
177,1368
177,1370
177,1372
177,1373
177,1375
177,1376
177,1378
177,1379
177,1381
177,1383
177,1384
177,1386
177,1387
177,1389
177,1391
177,1392
177,1394
177,1395
177,1397
177,1398
177,1400
177,1402
177,1403
177,1405
177,1406
177,1408
177,1410
177,1411
177,1413
177,1414
177,1416
177,1418
177,1419
177,1421
177,1422
177,1424
177,1425
177,1427
177,1429
177,1430
177,1432
177,1433
177,1435
177,1437
177,1438
177,1440
177,1441
177,1443
177,1444
177,1446
177,1448
177,1449
177,1451
177,1452
177,1454
177,1456
177,1457
177,1459
177,1460
177,1462
177,1463
177,1465
177,1467
177,1468
177,1470
177,1471
177,1473
177,1475
177,1476
177,1478
177,1479
177,1481
177,1482
177,1484
177,1486
177,1487
177,1489
177,1490
177,1492
177,1494
177,1518
177,1520
177,1521
177,1523
177,1525
177,1526
177,1528
177,1529
177,1531
177,1532
177,1534
177,1536
177,1537
177,1539
177,1540
177,1542
177,1544
177,1545
177,1547
177,1548
177,1550
177,1551
177,1553
177,1555
177,1556
177,1558
177,1559
177,1561
177,1563
177,1564
177,1566
177,1567
177,1569
177,1570
177,1572
177,1574
177,1575
177,1577
177,1637
179,3
181,3
181,5
183,3
184,3
184,5
185,3
185,4
186,3
187,3
189,3
190,3
192,3
194,3
195,3
197,3
197,4
197,6
199,0
199,1
200,3
201,3
202,4
203,3
204,3
205,6
206,3
206,5
207,3
207,5
209,3
209,5
211,3
212,3
212,5
212,6
213,5
214,4
214,6
215,4
216,3
217,5
217,7
217,8
218,1
218,3
218,32
218,34
218,35
218,64
218,65
218,67
218,68
219,3
219,7
220,3
222,3
223,3
225,3
227,3
228,3
230,3
231,3
233,3
234,3
236,3
238,3
239,3
241,3
242,3
244,3
246,3
247,3
249,3
250,3
252,3
253,2
253,4
254,2
254,3
254,5
254,6
254,8
255,4
255,5
256,2
256,3
256,5
256,6
257,3
258,4
258,5
259,3
259,4
259,6
261,3
262,3
264,3
265,3
267,3
268,3
268,5
270,3
271,3
272,1
272,3
273,1
274,3
275,3
277,3
278,3
280,3
282,3
283,3
285,3
286,3
287,6
288,3
290,3
292,3
293,3
295,3
296,3
298,3
300,3
301,3
303,3
304,3
306,3
307,3
309,3
311,3
312,3
314,0
314,1
315,3
316,5
317,3
319,3
320,3
322,3
324,3
325,3
327,3
327,6
329,3
330,3
331,4
333,3
334,3
336,3
337,3
339,3
341,3
342,3
344,3
344,4
346,3
347,3
349,3
351,3
352,3
354,3
355,3
357,3
359,3
360,3
362,3
363,3
365,0
365,1
366,3
368,3
369,3
371,3
372,3
373,1
374,3
375,3
377,3
377,4
378,3
378,4
379,3
379,5
379,6
380,3
381,2
381,4
383,3
384,3
386,3
387,3
389,3
391,3
393,2
393,4
393,5
395,3
396,3
398,3
402,3
403,3
405,3
406,3
408,3
410,3
411,3
413,3
414,3
416,3
417,3
419,3
421,3
422,3
423,3
423,4
425,3
427,3
428,3
430,3
431,3
433,3
434,3
436,3
438,3
439,3
441,3
442,3
444,3
446,3
447,3
449,3
450,0
450,2
450,4
450,5
450,7
450,8
450,10
450,11
478,1
478,3
478,4
2,109
2,94
2,112
2,115
2,105
12,3
21,3
18,3
15,3
33,3
16,3
28,3
17,3
7,3
2,98
2,120
2,89
478,2
478,0
450,9
450,6
450,3
450,1
448,3
445,3
443,3
440,3
437,3
435,3
432,3
429,3
426,3
424,3
422,4
420,3
418,3
415,3
412,3
409,3
407,3
404,3
399,3
397,3
393,6
393,3
390,3
388,3
385,3
382,3
381,3
379,7
379,4
379,2
378,2
376,3
373,3
373,0
370,3
367,3
365,3
364,3
361,3
358,3
356,3
353,3
350,3
348,3
345,3
343,3
340,3
338,3
335,3
332,3
331,3
328,3
326,3
323,3
321,3
318,3
316,3
314,3
313,3
310,3
308,3
305,3
302,3
299,3
297,3
294,3
291,3
289,3
287,3
284,3
281,3
279,3
276,3
273,3
273,0
272,0
269,3
267,6
266,3
263,3
260,3
259,5
258,6
258,3
256,7
256,4
255,7
255,3
254,7
254,4
253,5
253,3
251,3
248,3
245,3
243,3
240,3
237,3
235,3
232,3
229,3
226,3
224,3
221,3
219,6
218,69
218,66
218,36
218,33
218,31
218,0
217,6
217,3
215,3
214,3
213,3
212,4
210,3
208,3
207,4
206,4
205,3
203,4
202,3
199,3
198,3
197,5
196,3
193,3
191,3
188,3
185,6
184,6
184,4
182,3
180,3
178,3
177,1576
177,1573
177,1571
177,1568
177,1565
177,1562
177,1560
177,1557
177,1554
177,1552
177,1549
177,1546
177,1543
177,1541
177,1538
177,1535
177,1533
177,1530
177,1527
177,1524
177,1522
177,1519
177,1493
177,1491
177,1488
177,1485
177,1483
177,1480
177,1477
177,1474
177,1472
177,1469
177,1466
177,1464
177,1461
177,1458
177,1455
177,1453
177,1450
177,1447
177,1445
177,1442
177,1439
177,1436
177,1434
177,1431
177,1428
177,1426
177,1423
177,1420
177,1417
177,1415
177,1412
177,1409
177,1407
177,1404
177,1401
177,1399
177,1396
177,1393
177,1390
177,1388
177,1385
177,1382
177,1380
177,1377
177,1374
177,1371
177,1369
177,1366
177,1363
177,1361
177,1358
177,1355
177,1352
177,1350
177,1347
177,1344
177,1342
177,1339
177,1336
177,1334
177,1331
177,1328
177,1325
177,1323
177,1320
177,1317
177,1315
177,1312
177,1309
177,1306
177,1304
177,1301
177,1298
177,1296
177,1293
177,1290
177,1287
177,1285
177,1282
177,1279
177,1277
177,1274
177,1271
177,1268
177,1266
177,1263
177,1260
177,1258
177,1255
177,1252
177,1250
177,1247
177,1244
177,1240
177,1238
177,1235
177,1231
177,1229
177,1226
177,1223
177,1220
177,1219
177,1217
177,1215
177,1213
177,1210
177,1207
177,1204
177,1202
177,1199
177,1195
177,1193
177,1190
177,1187
177,1185
177,1182
177,1179
177,1176
177,1174
177,1171
177,1167
177,1165
177,1162
177,1159
177,1156
177,1154
177,1135
177,1086
177,1084
177,1081
177,1078
177,1075
177,1073
177,1070
177,1067
177,1065
177,1062
177,1059
177,1056
177,1054
177,1051
177,1048
177,1046
177,1043
177,1039
177,1037
177,1034
177,1031
177,1028
177,1026
177,1023
177,1020
177,1018
177,1015
177,1011
177,1008
177,1006
177,1003
177,1000
177,998
177,995
177,992
177,989
177,987
177,984
177,981
177,979
177,976
177,973
177,971
177,968
177,965
177,962
177,960
177,957
177,953
177,951
177,948
177,945
177,942
177,940
177,937
177,934
177,932
177,929
177,926
177,923
177,921
177,918
177,915
177,913
177,910
177,907
177,905
177,902
177,899
177,896
177,894
177,891
177,888
177,886
177,883
177,880
177,876
177,874
177,871
177,867
177,865
177,862
177,859
177,856
177,854
177,851
177,848
177,846
177,843
177,840
177,837
177,835
177,832
177,829
177,827
177,824
177,821
177,819
177,816
177,813
177,810
177,808
177,805
177,802
177,800
177,797
177,794
177,791
177,789
177,786
177,783
177,781
177,777
177,774
177,771
177,769
177,701
177,698
177,696
177,693
177,690
177,688
177,685
177,682
177,679
177,677
177,674
177,671
177,669
177,664
177,659
177,655
177,651
177,647
177,642
177,639
177,634
177,629
177,624
177,620
177,614
177,610
177,607
177,602
177,597
177,591
177,588
177,582
177,578
177,574
177,569
177,564
177,561
177,556
177,551
177,547
177,542
177,538
177,533
177,530
177,523
177,518
177,513
177,496
177,446
177,442
177,439
177,434
177,429
177,425
177,423
177,419
177,414
177,411
177,406
177,402
177,381
177,377
177,372
177,367
177,364
177,358
177,354
177,350
177,346
177,341
177,336
177,333
177,328
177,323
177,320
177,316
177,311
177,306
177,303
177,298
177,293
177,290
177,285
177,281
177,276
177,273
177,268
177,262
177,259
177,254
177,250
177,246
177,242
177,237
177,232
177,229
177,224
177,219
177,216
177,211
177,207
177,202
177,199
177,194
177,189
177,186
177,181
177,177
177,173
177,171
177,168
177,165
177,163
177,160
177,157
177,155
177,152
177,149
177,146
177,144
177,141
177,138
177,136
177,133
177,130
177,127
177,125
177,122
177,119
177,117
177,114
177,111
177,108
177,106
177,103
177,100
177,98
177,95
177,92
177,90
177,87
177,69
177,3
177,1
175,4
173,3
171,3
168,3
165,3
162,3
161,3
158,3
157,3
155,3
152,3
149,3
146,3
144,3
141,10
141,4
141,1
138,6
137,5
136,3
134,3
131,3
129,159
129,154
129,107
129,100
129,95
129,81
129,54
129,37
129,24
129,19
129,12
129,8
129,3
127,3
124,3
122,3
120,5
119,3
117,4
115,3
114,3
112,3
111,3
109,3
106,3
104,3
103,6
103,2
101,3
100,3
99,7
99,3
98,3
96,3
93,3
91,3
88,3
85,3
82,3
80,3
77,3
74,3
72,5
70,4
68,3
67,4
66,6
66,3
65,38
65,30
65,22
65,14
65,6
2,101
64,9
64,5
63,3
60,3
59,8
59,5
59,1
57,5
57,2
56,3
53,3
50,3
48,3
45,4
44,3
43,12
43,9
43,2
42,8
42,5
40,3
38,3
36,8
36,1
32,3
29,3
26,3
24,8
23,4
22,3
18,4
16,6
